-10 -1515
-9.9 -1476.34
-9.8 -1438.35
-9.7 -1401.03
-9.6 -1364.38
-9.5 -1328.38
-9.4 -1293.02
-9.3 -1258.32
-9.2 -1224.25
-9.1 -1190.81
-9 -1158
-8.9 -1125.81
-8.8 -1094.23
-8.7 -1063.26
-8.6 -1032.9
-8.5 -1003.13
-8.4 -973.944
-8.3 -945.347
-8.2 -917.328
-8.1 -889.881
-8 -863
-7.9 -836.679
-7.8 -810.912
-7.7 -785.693
-7.6 -761.016
-7.5 -736.875
-7.4 -713.264
-7.3 -690.177
-7.2 -667.608
-7.1 -645.551
-7 -624
-6.9 -602.949
-6.8 -582.392
-6.7 -562.323
-6.6 -542.736
-6.5 -523.625
-6.4 -504.984
-6.3 -486.807
-6.2 -469.088
-6.1 -451.821
-6 -435
-5.9 -418.619
-5.8 -402.672
-5.7 -387.153
-5.6 -372.056
-5.5 -357.375
-5.4 -343.104
-5.3 -329.237
-5.2 -315.768
-5.1 -302.691
-5 -290
-4.9 -277.689
-4.8 -265.752
-4.7 -254.183
-4.6 -242.976
-4.5 -232.125
-4.4 -221.624
-4.3 -211.467
-4.2 -201.648
-4.1 -192.161
-4 -183
-3.9 -174.159
-3.8 -165.632
-3.7 -157.413
-3.6 -149.496
-3.5 -141.875
-3.4 -134.544
-3.3 -127.497
-3.2 -120.728
-3.1 -114.231
-3 -108
-2.9 -102.029
-2.8 -96.312
-2.7 -90.843
-2.6 -85.616
-2.5 -80.625
-2.4 -75.864
-2.3 -71.327
-2.2 -67.008
-2.1 -62.901
-2 -59
-1.9 -55.299
-1.8 -51.792
-1.7 -48.473
-1.6 -45.336
-1.5 -42.375
-1.4 -39.584
-1.3 -36.957
-1.2 -34.488
-1.1 -32.171
-1 -30
-0.9 -27.969
-0.8 -26.072
-0.7 -24.303
-0.6 -22.656
-0.5 -21.125
-0.4 -19.704
-0.3 -18.387
-0.2 -17.168
-0.1 -16.041
-1.87905e-14 -15
0.1 -14.039
0.2 -13.152
0.3 -12.333
0.4 -11.576
0.5 -10.875
0.6 -10.224
0.7 -9.617
0.8 -9.048
0.9 -8.511
1 -8
1.1 -7.509
1.2 -7.032
1.3 -6.563
1.4 -6.096
1.5 -5.625
1.6 -5.144
1.7 -4.647
1.8 -4.128
1.9 -3.581
2 -3
2.1 -2.379
2.2 -1.712
2.3 -0.993
2.4 -0.216
2.5 0.625
2.6 1.536
2.7 2.523
2.8 3.592
2.9 4.749
3 6
3.1 7.351
3.2 8.808
3.3 10.377
3.4 12.064
3.5 13.875
3.6 15.816
3.7 17.893
3.8 20.112
3.9 22.479
4 25
4.1 27.681
4.2 30.528
4.3 33.547
4.4 36.744
4.5 40.125
4.6 43.696
4.7 47.463
4.8 51.432
4.9 55.609
5 60
5.1 64.611
5.2 69.448
5.3 74.517
5.4 79.824
5.5 85.375
5.6 91.176
5.7 97.233
5.8 103.552
5.9 110.139
6 117
6.1 124.141
6.2 131.568
6.3 139.287
6.4 147.304
6.5 155.625
6.6 164.256
6.7 173.203
6.8 182.472
6.9 192.069
7 202
7.1 212.271
7.2 222.888
7.3 233.857
7.4 245.184
7.5 256.875
7.6 268.936
7.7 281.373
7.8 294.192
7.9 307.399
8 321
8.1 335.001
8.2 349.408
8.3 364.227
8.4 379.464
8.5 395.125
8.6 411.216
8.7 427.743
8.8 444.712
8.9 462.129
9 480
9.1 498.331
9.2 517.128
9.3 536.397
9.4 556.144
9.5 576.375
9.6 597.096
9.7 618.313
9.8 640.032
9.9 662.259
10 685
